18, 25, 25, 15, 17
16, 23, 25, 20, 16
27, 14, 19, 18, 22
19, 24, 14, 20, 23
19, 18, 23, 21, 19
21, 14, 21, 25, 19
16, 28, 22, 14, 20
17, 15, 17, 23, 28
17, 21, 22, 18, 22
19, 22, 20, 16, 23
20, 18, 24, 23, 15
17, 18, 20, 23, 22
13, 23, 21, 22, 21
11, 14, 27, 24, 24
17, 19, 20, 20, 24
19, 24, 24, 14, 19
15, 16, 21, 23, 25
15, 24, 16, 22, 23
17, 18, 17, 23, 25
15, 22, 22, 23, 18
